datart <-
c(6283.92,5937.34,5158.74,3566.81,4742.07,5268.54,5033.26,4342.6,4659.49,5598.65,

6139.8,3765.83,5268.11,4093.04,4464.44,5170.41,6093.14,5043.94,6603.54,6804.49,

4935.97,5607.31,4860.84,6258.2,5968.69,6675.4,5047.27,5916.82,2920.87,2530.04,

5263.26,5265.13,5178.05,4404.43,4867.93,4123.03,4487.05,4869.32,5873.28,6420.88,

6356.33,4922.23,4092.43,4898.39,4844.59,4575.14,4510.45,5712.7,5891.67,6210.88,

7219.3,6588.76,5366.4,4750.13,4605.77,4848.1,5540.53,3621.57,5384.35,5174.58,

6337.62,5905.6,4426.09,4112.17,3356.35,5269.9,5095.87,5008.26,5167.26,6628.14,

6066.67,5404.38,4395.49,4922.07,5076.79,3593.04,5385.06,5174.24,6025.15,5847.69,

5490.71,6351.27,4338.5,5293.41,4353.92,4807.66,4401.46,5013.08,5902.76,6033.28,

6030.22,6683.88,5295.91,5922.93,4669.54,4559.08,5473.71,4575.54,5561.97,4812.59,

3822.42,6467.99,5659.78,5549.04,4730.95,5596.64,4791.38,3947.47,4041.67,4371.06,

200,4044.29,6692.35,5533.13,6135.73,6783.29,4882.54,6519.98,4593.68,4038.46,

4730.55,4245.86,4392.26,5713.47,5636.86,5879.13,6375.92,6553.35,5547.95,5865.06,

6262.01,4468.4,5281.41,4817.22,5436.87,4405.32,5492.3,5882.88,6103.06,7224.67,

6033.75,5702.88,4514.89,4591.03,3457.22,5103.95,6432.64,4149.18,4695.68,5737.07,

4348.55,6566.81,5127.25,6551.29,5438.79,6295.65,5221.21,5512.32,4818.05,4806.12,

6159.2,6058.07,4275.42,4879.79,4567.34,5216.59,5823.42,5850.92,6472.78,6005.63,

6451.77,6603.59,5621.21,5906.44,5411.2,4689.29,4543.54,4773.22,4145.52,5570.96,

6386.29,5181.17,5182.49,5522.4,4756.96,4136.56,5232.43,4143.64,5251.12,5558.58,

6789.39,6183.62,4502.35,4790.41,4174.79,3927.35,6128.52,4972.64,6222.32,6013.03,

6110.76,6914.49,4682.88,4944.77,5939.11,4573.56,4842.91,5180.71,5270.34,5834.72,

4149.02,6076.08,6636.05,5561.81,5110.55,6335.19,4805.36,4540.03,4149.54,5162.88,

5565.71,4663.63,4868.22,4687.15,3988.63,3920.9,5518.08,4512.42,7071.09,5801.89,

4672.49,3604.58,5279.1,5722.35,4845.86,5690.81,7134.92,5763.08,5674.55,6736.31,

2856.14,5895.5,5340.89,6084.5,5231.41,5757.73,5195.97,5139.09,4054.06,4886.7,

6081.37,6433.46,5118.02,5024.91,4168.17,4192.84,5265.01,4840.83,6212.42,6180.41,

2182.3,6267.73,7028.82,6262.65,4874,5037.2,4759.1,4292.19,4440.1,4367.73,

5602.49,5663.95,4381.6,5305.64,5439.95,5177.16,4842.41,5075.45,6222.7,6149.58,

6031.35,5703.3,4923.87,5028,4722.29,4844.51,4661.29,5257.03,5155.32,6002.27,

4437.38,6222.06,6700.95,5565.09,5361.45,5948.63,5010.58,5306.38,4390.61,4950.67,

7198.42,6041.68,4972.22,5132.85,4601.4,4810.33,4171.82,3580.53,4525.85,5742.31,

6052,5470.19,5431.7,5312.81,4869.12,4244.68,5968.26,5185.15,6584.11,6706.9,

3547.7,6734.6,5647.1,7117.31,5552.88,5249.79,4380.28,4809.79,4423.74,4724.03,

7826,6483.38,5244.26,5114.73,4347.6,3932.26,4883.27,4635.27,4838.15,5227.66,

4636.23,5712.81,5817.81,5415.02,5303.12,5260.48,5984.02,5501.72,6809.47,5981.47,

5836.77,6953.09,5610.06,6047.16,5583.57,4365.42,4790.11,4857.53,4580.21,4899.42,

5791.4,5949.63,5240.38,4669.63,4705.95,3801.91,5364.71,4602.13,4650.42,4728.53,

2497.99,6536.69,5750.5,5931.74,5928.14,6067.07,3919.87,5129.6,5700.08,4242.66,

5681.44,6896.62,4621.21,5195.78,3229.88,5243.95,4501.26,4712.95,3887.22,4538.04,

6791.6,6427.71,4793.68,5595.05,4890.4,5349.83,4634.78,4796.91,5014.9,4639.31,

6455.32,5808.67,6176.13,4911.31,4515.8,4693.97,4940.99,4960.45,3878.63,4446.37,

7204.1,5452.97,4657.95,5387.51,4987.59,4780.09,5019.55,4867.88,6313.82,6813.63,

7171.3,5954.81,4691.14,4786.24,4356.5,5291.9,4350.87,5400.5,6127.4,5822.85,

6166,5054.93,5569.41,4515.58,5097.56,4445.61,4595.55,5137.45,5966.52,6103.47,

5122.93,5223.84,3722.61,5126.03,4648.35,4963.7,6768.17,6002.51,6009.08,6694.27,

5847.69,5449.33,3790.78,3753.15,3955.92,3850.95,5299.87,5095.4,6186.45,6065.12,

5674.48,6518.62,5052.5,5193.76,5382.77,5804.18,4570.68,3148.2,4861.95,4732.12,

5048.9,5956.93,4773.73,4065.98,5231.37,4964.3,5932.49,5515.63,5391.03,5995.76,

5823.62,4720.85,4580.38,3890.73,4719.73,4576.39,5909.37,5293.39,5353.8,6371.05,

5644.2,6160.03,5609.98,5828.42,5405.3,5379.27,4029.49,4096.52,4949.38,5136.05,

5718.88,5191.52,4524.23,3758.35,4667.14,4406.71,4831.77,4430.31,6180.04,6196.57,

5919.09,6852.29,5646.77,5972.22,5441.47,5488.66,3122.82,4793.05,4464.13,4651.73,

3952.64,6968.53,6223.57,6622.96,4926.21,5699.55,4184.78,4600.2,5333.2,4295.64,

6086.97,4825.21,3759.42,3799.93,4580.75,4622.86,6567.45,4522.29,5700.78,6937.4,

5798.51,5980.78,5331.41,6033.31,4682.74,4993.9,4517.8,4768.77,4202.16,5220.18,

5146.69,5210.13,5660.23,5084.58,5687.78,5772.57,6355.39,6272.17,6544.89,5737.57,

6334.68,4904.28,4762.71,5038.05,4101.92,5715.74,4550.24,4516.78,6095.53,5558.04,

745.51,5339.89,6640.24,7230.99,6784.17,6757.92,4770.02,4421.09,4747.64,4008.25,

200,5066.74,6015.49,6707.7,6314.89,6718.22,5166.64,5951.23,4821.43,4909.97,

6267.38,5553.35,5597.94,5683.46,4974.27,4714.24,5724.74,4140.1,5676.25,5512.13,

6901.95,5834.28,3932.83,5187.67,5535,4452.94,5723.03,5785.01,6725.53,6856.75,

5757.66,4904.1,4626.72,3573.83,5173.95,4428.84,5839.51,5556.11,6452.2,6180.24,

5771.54,6313.34,5507.94,5713.22,5228.95,5448.03,3608.29,4929.68,5473.84,5396.41,

6006.5,5524.81,4120.7,4399.73,5250.53,5168.7,6115.87,5176.83,5753.92,6059.17,

6280.96,6087.59,3879.16,5708.36,5265.56,4420.46,4763.03,4499.89,4660.01,5016.83,

6456,5876.3,4136.43,4450.17,4847.13,4993.65,5200.2,5699.13,6431.34,5857.57,

5576.92,6579.5,4999.07,5602.4,4742.03,5095.43,4443.75,4335.5,5226.82,4921.17,

200,673.25,4902.24,5715.99,6509.18,5787.05,5933.14,6230.59,5236.05,5161.42,

6597.81,4554.05,5353.94,3866.84,4244.21,4685.87,4705.66,4735.62,5431.61,6652.29,

6259.84,7412.18,6295.04,5870.99,4644.28,6075.62,4421.87,4554.16,4969.05,4371.87,

6545.32,6020.31,4586.66,5206.14,3492.75,4003.73,4803.83,3369.67,5537.43,5527.42,

6114.47,5061.08,3827.26,4816.91,4960.23,3989.82,6546.79,4882.33,6886.18,6989.24,

5800.18,6357.41,4811.75,4680.42,3906.97,4087.09,4411.56,4782.9,5940.42,5079.91,

5309.01,4307.28,3887.74,4629.42,4312.53,4677.97,6049.88,6368.3,6071.73,6262.75,

5321.17,5438.85,4183.78,5017.29,4756.4,4749.92,5750.46,4997.59,5811.39,5571.24,

5555.27,4199.47,5107.13,4905.53,4933.27,4814.47,6352.07,6494.15,6430.45,6474.52,

6368.29,6679.03,5280.21,4965.06,4775.85,4251.15,5185.91,5016.1,4023.88,5006.92,

6840.92,5947.21,5624.25,5484.18,4239.26,4592.58,4273.8,4197.19,4951.3,5502.49,

6434.8,7053.13,4964.29,5240.03,3718.05,4777.96,5278.02,4318.4,5305.37,5322.04,

2368.94,6068.17,6979.61,6731.09,5431.11,5480.8,4662.64,4640.93,5007.74,3940.5,

7169.4,5179.02,4831.71,4831.89,4047.43,3909.54,5523.16,5058.99,5952.9,5225.53,

5802.24,5107.39,4563.56,5396.05,4242.15,4762.52,4291.15,4660.28,5072.84,5631.95,

5077.4,5005.54,4588.52,4181.26,5206.55,3672.93,5644.53,5909.84,7117.58,6989.85,

5624.19,5557.7,4783.01,4606.16,5691.33,5178.1,6615.36,5146.78,7156.09,6428.51,

5491.19,4847.68,4618.33,4576.21,5237.21,4501.98,5271.84,5221.37,6240.96,6611.07,

6067.22,6232.6,6216.2,6323.61,5133.12,4880.08,4510.8,4240.69,5143.92,4784.78,

4640.5,4665.63,5038.52,5638.46,5603.59,5780.41,6282.93,6080.97,5548.26,6343.44,

5384.97,4831.51,4449.98,4909.05,4904.86,5052.61,6278.22,5084.81,4860.02,6959.76,

6473.41,6225.73,5712.24,4908.76,5424.45,4508.07,4616.23,4297.04,5368.45,5368.7,

6806.98,6878.92,5240.55,5520.28,5037.2,5291.48,4939.72,4992.82,4532.15,4652.98,

6372.74,5693.75,4705.76,3427.86,4708.86,4101.1,4731.23,4344.3,5087.8,5750.25,

6672.1,5231.48,4287.44,5067.53,4422.59,4291.99,4930.34,5010.66,4835.84,4592.44,

6258.49,5969.07,4310.43,4627.03,4913.21,4704.37,4616.75,3955.58,6581.22,5252.75,

6547.25,5480.58,5751.23,3573.38,4400.62,4386.51,4415.44,5051.37,4681.31,5375.91,

6595.34,6188.15,4472.44,4636.52,4582.65,4015.45,5369.19,4718.24,5001.5,5574.96,

7018.92,5971.92,5767.51,5727.86,4458.93,4128.81,4277.28,4944.94,5292.18,5142.31,

6465.74,5765.27,5026.51,4125.65,4491.85,4713.69,4680.81,4463.32,6640.88,6540.73,

5951.09,4604.95,4369.11,4409.16,4493.3,5222.29,5392.35,5145.81,6437.17,5800.66,

5237.44,6103.8,5540.37,5999.51,4279.04,5153.2,3718.55,3171.33,4368.94,4932.92,

